111111111111111111111111111111111111
100010000010000010000000010000000001
111010101110111011111011010101010111
100010100010010010101001010111110101
101010111011010110101101010101010001
101000101000010000000000000001010101
101111100011110101110111011111011101
100010001010000101000001000100000001
111010111010111101110101100111101101
101011100000100001010100101100001001
100000001110101111010110000101011101
111110101010100100000011100101001001
100010101011111111101000101111011111
101010101000000100001010100000000011
101011111111110101111010111111011001
111010001000000000100010001000001011
100010101110111110101110111011101001
101110101010101010101010001000111101
100000100000100000101000000010100001
111111111111111111111111111111111111