111111111111111111111111111111111111
100000000100010010001010101010000001
101111110101110111000010001000110101
101000000001010101011111101010010101
101111111101010101000000001111110101
101000010000000101111010101000100101
101010111101100100001110100010000101
101010000100110111100100111111110111
100010111101100001001110000000100001
111010000000111111000011011101110101
101011111010100001101110010111011101
101010100010001101000011110101010001
100010101111100111001000010000000101
101110001010001100011011011110111101
101011101000100101001010000010010001
100000111101110111011110111110111101
101010000101000000001010000010001001
101111010111111011111010110111111101
100000010010000000010000100000000001
111111111111111111111111111111111111